[0,1]	0.000000e+00	0.000000e+00	0.000000e+00	0.000000e+00
[1,1]	1.000000e-03	9.999998e-04	1.000000e-03	3.828956e-10
[2,1]	2.000000e-03	1.999999e-03	1.999999e-03	7.625395e-10
[3,1]	3.000000e-03	2.999996e-03	2.999997e-03	1.135679e-09
[4,1]	4.000000e-03	3.999989e-03	3.999991e-03	1.499058e-09
[5,1]	5.000000e-03	4.999979e-03	4.999981e-03	1.849421e-09
[6,1]	6.000000e-03	5.999964e-03	5.999966e-03	2.183504e-09
[7,1]	7.000000e-03	6.999943e-03	6.999945e-03	2.498042e-09
[8,1]	8.000000e-03	7.999915e-03	7.999917e-03	2.789761e-09
[9,1]	9.000000e-03	8.999879e-03	8.999882e-03	3.055381e-09
[10,1]	1.000000e-02	9.999833e-03	9.999837e-03	3.291615e-09
[11,1]	1.100000e-02	1.099978e-02	1.099978e-02	3.495166e-09
[12,1]	1.200000e-02	1.199971e-02	1.199972e-02	3.662727e-09
[13,1]	1.300000e-02	1.299963e-02	1.299964e-02	3.790980e-09
[14,1]	1.400000e-02	1.399954e-02	1.399955e-02	3.876596e-09
[15,1]	1.500000e-02	1.499944e-02	1.499944e-02	3.916231e-09
[16,1]	1.600000e-02	1.599932e-02	1.599932e-02	3.906529e-09
[17,1]	1.700000e-02	1.699918e-02	1.699919e-02	3.844118e-09
[18,1]	1.800000e-02	1.799903e-02	1.799903e-02	3.725610e-09
[19,1]	1.900000e-02	1.899886e-02	1.899886e-02	3.547601e-09
[20,1]	2.000000e-02	1.999867e-02	1.999867e-02	3.306667e-09
[21,2]	2.100000e-02	2.099846e-02	2.099846e-02	3.001368e-09
[22,2]	2.200000e-02	2.199823e-02	2.199823e-02	2.638251e-09
[23,2]	2.300000e-02	2.299797e-02	2.299797e-02	2.225842e-09
[24,2]	2.400000e-02	2.399770e-02	2.399770e-02	1.772645e-09
[25,2]	2.500000e-02	2.499740e-02	2.499740e-02	1.287142e-09
[26,2]	2.600000e-02	2.599707e-02	2.599707e-02	7.777911e-10
[27,2]	2.700000e-02	2.699672e-02	2.699672e-02	2.530242e-10
[28,2]	2.800000e-02	2.799634e-02	2.799634e-02	2.787518e-10
[29,2]	2.900000e-02	2.899594e-02	2.899593e-02	8.091574e-10
[30,2]	3.000000e-02	2.999550e-02	2.999550e-02	1.329841e-09
[31,2]	3.100000e-02	3.099504e-02	3.099503e-02	1.832480e-09
[32,2]	3.200000e-02	3.199454e-02	3.199454e-02	2.308782e-09
[33,2]	3.300000e-02	3.299401e-02	3.299401e-02	2.750485e-09
[34,2]	3.400000e-02	3.399345e-02	3.399345e-02	3.149359e-09
[35,2]	3.500000e-02	3.499285e-02	3.499285e-02	3.497209e-09
[36,2]	3.600000e-02	3.599222e-02	3.599222e-02	3.785871e-09
[37,2]	3.700000e-02	3.699156e-02	3.699155e-02	4.007217e-09
[38,2]	3.800000e-02	3.799086e-02	3.799085e-02	4.153157e-09
[39,2]	3.900000e-02	3.899011e-02	3.899011e-02	4.215635e-09
[40,2]	4.000000e-02	3.998933e-02	3.998933e-02	4.186634e-09
[41,3]	4.100000e-02	4.098851e-02	4.098851e-02	4.061184e-09
[42,3]	4.200000e-02	4.198765e-02	4.198765e-02	3.846378e-09
[43,3]	4.300000e-02	4.298675e-02	4.298675e-02	3.552357e-09
[44,3]	4.400000e-02	4.398580e-02	4.398580e-02	3.189303e-09
[45,3]	4.500000e-02	4.498481e-02	4.498481e-02	2.767442e-09
[46,3]	4.600000e-02	4.598378e-02	4.598378e-02	2.297045e-09
[47,3]	4.700000e-02	4.698270e-02	4.698270e-02	1.788425e-09
[48,3]	4.800000e-02	4.798157e-02	4.798157e-02	1.251945e-09
[49,3]	4.900000e-02	4.898039e-02	4.898039e-02	6.980106e-10
[50,3]	5.000000e-02	4.997917e-02	4.997917e-02	1.370785e-10
[51,3]	5.100000e-02	5.097789e-02	5.097789e-02	4.203466e-10
[52,3]	5.200000e-02	5.197657e-02	5.197657e-02	9.637102e-10
[53,3]	5.300000e-02	5.297519e-02	5.297519e-02	1.482407e-09
[54,3]	5.400000e-02	5.397376e-02	5.397376e-02	1.965778e-09
[55,3]	5.500000e-02	5.497228e-02	5.497228e-02	2.403114e-09
[56,3]	5.600000e-02	5.597074e-02	5.597074e-02	2.783650e-09
[57,3]	5.700000e-02	5.696914e-02	5.696914e-02	3.096566e-09
[58,3]	5.800000e-02	5.796749e-02	5.796749e-02	3.330987e-09
[59,3]	5.900000e-02	5.896578e-02	5.896578e-02	3.475980e-09
[60,3]	6.000000e-02	5.996401e-02	5.996401e-02	3.520555e-09
[61,4]	6.100000e-02	6.096218e-02	6.096218e-02	3.457436e-09
[62,4]	6.200000e-02	6.196029e-02	6.196029e-02	3.294381e-09
[63,4]	6.300000e-02	6.295833e-02	6.295834e-02	3.042860e-09
[64,4]	6.400000e-02	6.395632e-02	6.395632e-02	2.714281e-09
[65,4]	6.500000e-02	6.495424e-02	6.495424e-02	2.319990e-09
[66,4]	6.600000e-02	6.595209e-02	6.595210e-02	1.871269e-09
[67,4]	6.700000e-02	6.694988e-02	6.694989e-02	1.379334e-09
[68,4]	6.800000e-02	6.794761e-02	6.794761e-02	8.553349e-10
[69,4]	6.900000e-02	6.894526e-02	6.894526e-02	3.103562e-10
[70,4]	7.000000e-02	6.994285e-02	6.994285e-02	2.445866e-10
[71,4]	7.100000e-02	7.094036e-02	7.094036e-02	7.985469e-10
[72,4]	7.200000e-02	7.193781e-02	7.193781e-02	1.340648e-09
[73,4]	7.300000e-02	7.293518e-02	7.293518e-02	1.860083e-09
[74,4]	7.400000e-02	7.393248e-02	7.393248e-02	2.346120e-09
[75,4]	7.500000e-02	7.492971e-02	7.492970e-02	2.788096e-09
[76,4]	7.600000e-02	7.592686e-02	7.592686e-02	3.175425e-09
[77,4]	7.700000e-02	7.692393e-02	7.692393e-02	3.497595e-09
[78,4]	7.800000e-02	7.792093e-02	7.792093e-02	3.744170e-09
[79,4]	7.900000e-02	7.891785e-02	7.891785e-02	3.904789e-09
[80,4]	8.000000e-02	7.991469e-02	7.991469e-02	3.969173e-09
[81,5]	8.100000e-02	8.091146e-02	8.091145e-02	3.930455e-09
[82,5]	8.200000e-02	8.190814e-02	8.190813e-02	3.795202e-09
[83,5]	8.300000e-02	8.290473e-02	8.290473e-02	3.573397e-09
[84,5]	8.400000e-02	8.390125e-02	8.390125e-02	3.275106e-09
[85,5]	8.500000e-02	8.489768e-02	8.489768e-02	2.910476e-09
[86,5]	8.600000e-02	8.589403e-02	8.589403e-02	2.489742e-09
[87,5]	8.700000e-02	8.689029e-02	8.689029e-02	2.023220e-09
[88,5]	8.800000e-02	8.788647e-02	8.788646e-02	1.521314e-09
[89,5]	8.900000e-02	8.888255e-02	8.888255e-02	9.945127e-10
[90,5]	9.000000e-02	8.987855e-02	8.987855e-02	4.533954e-10
[91,5]	9.100000e-02	9.087446e-02	9.087446e-02	9.137124e-11
[92,5]	9.200000e-02	9.187027e-02	9.187027e-02	6.290305e-10
[93,5]	9.300000e-02	9.286600e-02	9.286600e-02	1.148735e-09
[94,5]	9.400000e-02	9.386163e-02	9.386163e-02	1.639544e-09
[95,5]	9.500000e-02	9.485717e-02	9.485717e-02	2.090427e-09
[96,5]	9.600000e-02	9.585261e-02	9.585261e-02	2.490256e-09
[97,5]	9.700000e-02	9.684796e-02	9.684796e-02	2.827810e-09
[98,5]	9.800000e-02	9.784321e-02	9.784321e-02	3.091773e-09
[99,5]	9.900000e-02	9.883836e-02	9.883837e-02	3.270731e-09
[100,5]	1.000000e-01	9.983342e-02	9.983342e-02	3.353172e-09
[101,6]	1.010000e-01	1.008284e-01	1.008284e-01	3.330812e-09
[102,6]	1.020000e-01	1.018232e-01	1.018232e-01	3.208575e-09
[103,6]	1.030000e-01	1.028180e-01	1.028180e-01	2.994610e-09
[104,6]	1.040000e-01	1.038126e-01	1.038126e-01	2.696966e-09
[105,6]	1.050000e-01	1.048072e-01	1.048072e-01	2.323586e-09
[106,6]	1.060000e-01	1.058016e-01	1.058016e-01	1.882313e-09
[107,6]	1.070000e-01	1.067959e-01	1.067959e-01	1.380883e-09
[108,6]	1.080000e-01	1.077902e-01	1.077902e-01	8.269252e-10
[109,6]	1.090000e-01	1.087843e-01	1.087843e-01	2.279645e-10
[110,6]	1.100000e-01	1.097783e-01	1.097783e-01	4.085834e-10
[111,6]	1.110000e-01	1.107722e-01	1.107722e-01	1.075411e-09
[112,6]	1.120000e-01	1.117660e-01	1.117660e-01	1.765322e-09
[113,6]	1.130000e-01	1.127597e-01	1.127597e-01	2.471229e-09
[114,6]	1.140000e-01	1.137532e-01	1.137532e-01	3.186158e-09
[115,6]	1.150000e-01	1.147467e-01	1.147467e-01	3.903245e-09
[116,6]	1.160000e-01	1.157400e-01	1.157400e-01	4.615744e-09
[117,6]	1.170000e-01	1.167332e-01	1.167332e-01	5.317020e-09
[118,6]	1.180000e-01	1.177264e-01	1.177263e-01	6.000556e-09
[119,6]	1.190000e-01	1.187193e-01	1.187193e-01	6.659950e-09
[120,6]	1.200000e-01	1.197122e-01	1.197122e-01	7.288919e-09
[121,7]	1.210000e-01	1.207050e-01	1.207049e-01	7.882519e-09
[122,7]	1.220000e-01	1.216976e-01	1.216976e-01	8.440801e-09
[123,7]	1.230000e-01	1.226901e-01	1.226901e-01	8.965161e-09
[124,7]	1.240000e-01	1.236825e-01	1.236825e-01	9.457112e-09
[125,7]	1.250000e-01	1.246747e-01	1.246747e-01	9.918292e-09
[126,7]	1.260000e-01	1.256669e-01	1.256669e-01	1.035046e-08
[127,7]	1.270000e-01	1.266589e-01	1.266589e-01	1.075551e-08
[128,7]	1.280000e-01	1.276508e-01	1.276507e-01	1.113545e-08
[129,7]	1.290000e-01	1.286425e-01	1.286425e-01	1.149242e-08
[130,7]	1.300000e-01	1.296341e-01	1.296341e-01	1.182868e-08
[131,7]	1.310000e-01	1.306256e-01	1.306256e-01	1.214662e-08
[132,7]	1.320000e-01	1.316170e-01	1.316170e-01	1.244879e-08
[133,7]	1.330000e-01	1.326082e-01	1.326082e-01	1.273781e-08
[134,7]	1.340000e-01	1.335993e-01	1.335993e-01	1.301650e-08
[135,7]	1.350000e-01	1.345903e-01	1.345903e-01	1.328776e-08
[136,7]	1.360000e-01	1.355811e-01	1.355811e-01	1.355464e-08
[137,7]	1.370000e-01	1.365718e-01	1.365718e-01	1.382034e-08
[138,7]	1.380000e-01	1.375624e-01	1.375624e-01	1.408818e-08
[139,7]	1.390000e-01	1.385528e-01	1.385528e-01	1.436161e-08
[140,7]	1.400000e-01	1.395431e-01	1.395431e-01	1.464424e-08
[141,8]	1.410000e-01	1.405333e-01	1.405332e-01	1.493699e-08
[142,8]	1.420000e-01	1.415233e-01	1.415233e-01	1.522974e-08
[143,8]	1.430000e-01	1.425131e-01	1.425131e-01	1.550970e-08
[144,8]	1.440000e-01	1.435029e-01	1.435028e-01	1.576420e-08
[145,8]	1.450000e-01	1.444924e-01	1.444924e-01	1.598074e-08
[146,8]	1.460000e-01	1.454819e-01	1.454818e-01	1.614695e-08
[147,8]	1.470000e-01	1.464712e-01	1.464711e-01	1.625061e-08
[148,8]	1.480000e-01	1.474603e-01	1.474603e-01	1.627965e-08
[149,8]	1.490000e-01	1.484493e-01	1.484493e-01	1.622213e-08
[150,8]	1.500000e-01	1.494381e-01	1.494381e-01	1.606627e-08
[151,8]	1.510000e-01	1.504268e-01	1.504268e-01	1.580043e-08
[152,8]	1.520000e-01	1.514154e-01	1.514154e-01	1.541314e-08
[153,8]	1.530000e-01	1.524038e-01	1.524038e-01	1.489306e-08
[154,8]	1.540000e-01	1.533920e-01	1.533920e-01	1.422900e-08
[155,8]	1.550000e-01	1.543801e-01	1.543801e-01	1.340993e-08
[156,8]	1.560000e-01	1.553680e-01	1.553680e-01	1.242498e-08
[157,8]	1.570000e-01	1.563558e-01	1.563558e-01	1.126343e-08
[158,8]	1.580000e-01	1.573434e-01	1.573434e-01	9.914705e-09
[159,8]	1.590000e-01	1.583309e-01	1.583309e-01	8.368394e-09
[160,8]	1.600000e-01	1.593182e-01	1.593182e-01	6.614246e-09
[161,9]	1.610000e-01	1.603054e-01	1.603053e-01	4.649652e-09
[162,9]	1.620000e-01	1.612923e-01	1.612923e-01	2.502111e-09
[163,9]	1.630000e-01	1.622792e-01	1.622792e-01	2.067685e-10
[164,9]	1.640000e-01	1.632658e-01	1.632658e-01	2.201067e-09
[165,9]	1.650000e-01	1.642523e-01	1.642523e-01	4.685926e-09
[166,9]	1.660000e-01	1.652387e-01	1.652387e-01	7.212176e-09
[167,9]	1.670000e-01	1.662248e-01	1.662248e-01	9.744019e-09
[168,9]	1.680000e-01	1.672108e-01	1.672109e-01	1.224549e-08
[169,9]	1.690000e-01	1.681967e-01	1.681967e-01	1.468047e-08
[170,9]	1.700000e-01	1.691823e-01	1.691824e-01	1.701265e-08
[171,9]	1.710000e-01	1.701678e-01	1.701679e-01	1.920558e-08
[172,9]	1.720000e-01	1.711532e-01	1.711532e-01	2.122261e-08
[173,9]	1.730000e-01	1.721383e-01	1.721384e-01	2.302695e-08
[174,9]	1.740000e-01	1.731233e-01	1.731233e-01	2.458162e-08
[175,9]	1.750000e-01	1.741081e-01	1.741082e-01	2.584947e-08
[176,9]	1.760000e-01	1.750928e-01	1.750928e-01	2.679318e-08
[177,9]	1.770000e-01	1.760772e-01	1.760773e-01	2.737527e-08
[178,9]	1.780000e-01	1.770615e-01	1.770616e-01	2.755806e-08
[179,9]	1.790000e-01	1.780456e-01	1.780457e-01	2.730370e-08
[180,9]	1.800000e-01	1.790296e-01	1.790296e-01	2.657418e-08
[181,10]	1.810000e-01	1.800133e-01	1.800134e-01	2.534593e-08
[182,10]	1.820000e-01	1.809969e-01	1.809969e-01	2.365382e-08
[183,10]	1.830000e-01	1.819803e-01	1.819803e-01	2.154715e-08
[184,10]	1.840000e-01	1.829635e-01	1.829635e-01	1.907508e-08
[185,10]	1.850000e-01	1.839465e-01	1.839465e-01	1.628654e-08
[186,10]	1.860000e-01	1.849294e-01	1.849294e-01	1.323032e-08
[187,10]	1.870000e-01	1.859120e-01	1.859120e-01	9.955004e-09
[188,10]	1.880000e-01	1.868945e-01	1.868945e-01	6.508993e-09
[189,10]	1.890000e-01	1.878768e-01	1.878768e-01	2.940507e-09
[190,10]	1.900000e-01	1.888589e-01	1.888589e-01	7.024244e-10
[191,10]	1.910000e-01	1.898408e-01	1.898408e-01	4.371958e-09
[192,10]	1.920000e-01	1.908225e-01	1.908225e-01	8.020440e-09
[193,10]	1.930000e-01	1.918041e-01	1.918040e-01	1.160041e-08
[194,10]	1.940000e-01	1.927854e-01	1.927854e-01	1.506458e-08
[195,10]	1.950000e-01	1.937665e-01	1.937665e-01	1.836589e-08
[196,10]	1.960000e-01	1.947475e-01	1.947475e-01	2.145744e-08
[197,10]	1.970000e-01	1.957282e-01	1.957282e-01	2.429253e-08
[198,10]	1.980000e-01	1.967088e-01	1.967088e-01	2.682467e-08
[199,10]	1.990000e-01	1.976892e-01	1.976891e-01	2.900755e-08
[200,10]	2.000000e-01	1.986693e-01	1.986693e-01	3.079506e-08
[201,11]	2.010000e-01	1.996493e-01	1.996493e-01	3.215490e-08
[202,11]	2.020000e-01	2.006291e-01	2.006290e-01	3.310933e-08
[203,11]	2.030000e-01	2.016086e-01	2.016086e-01	3.369444e-08
[204,11]	2.040000e-01	2.025880e-01	2.025880e-01	3.394651e-08
[205,11]	2.050000e-01	2.035672e-01	2.035671e-01	3.390201e-08
[206,11]	2.060000e-01	2.045461e-01	2.045461e-01	3.359763e-08
[207,11]	2.070000e-01	2.055249e-01	2.055248e-01	3.307025e-08
[208,11]	2.080000e-01	2.065034e-01	2.065034e-01	3.235696e-08
[209,11]	2.090000e-01	2.074818e-01	2.074817e-01	3.149506e-08
[210,11]	2.100000e-01	2.084599e-01	2.084599e-01	3.052205e-08
[211,11]	2.110000e-01	2.094378e-01	2.094378e-01	2.947564e-08
[212,11]	2.120000e-01	2.104155e-01	2.104155e-01	2.839374e-08
[213,11]	2.130000e-01	2.113931e-01	2.113930e-01	2.731449e-08
[214,11]	2.140000e-01	2.123703e-01	2.123703e-01	2.627622e-08
[215,11]	2.150000e-01	2.133474e-01	2.133474e-01	2.531747e-08
[216,11]	2.160000e-01	2.143243e-01	2.143243e-01	2.447703e-08
[217,11]	2.170000e-01	2.153010e-01	2.153009e-01	2.379384e-08
[218,11]	2.180000e-01	2.162774e-01	2.162774e-01	2.330712e-08
[219,11]	2.190000e-01	2.172536e-01	2.172536e-01	2.305625e-08
[220,11]	2.200000e-01	2.182296e-01	2.182296e-01	2.308087e-08
[221,12]	2.210000e-01	2.192054e-01	2.192054e-01	2.340606e-08
[222,12]	2.220000e-01	2.201810e-01	2.201810e-01	2.399815e-08
[223,12]	2.230000e-01	2.211563e-01	2.211563e-01	2.480893e-08
[224,12]	2.240000e-01	2.221315e-01	2.221314e-01	2.579043e-08
[225,12]	2.250000e-01	2.231064e-01	2.231063e-01	2.689489e-08
[226,12]	2.260000e-01	2.240810e-01	2.240810e-01	2.807476e-08
[227,12]	2.270000e-01	2.250555e-01	2.250555e-01	2.928273e-08
[228,12]	2.280000e-01	2.260297e-01	2.260297e-01	3.047171e-08
[229,12]	2.290000e-01	2.270037e-01	2.270037e-01	3.159483e-08
[230,12]	2.300000e-01	2.279775e-01	2.279775e-01	3.260546e-08
[231,12]	2.310000e-01	2.289511e-01	2.289510e-01	3.345717e-08
[232,12]	2.320000e-01	2.299244e-01	2.299244e-01	3.410379e-08
[233,12]	2.330000e-01	2.308975e-01	2.308975e-01	3.449937e-08
[234,12]	2.340000e-01	2.318704e-01	2.318703e-01	3.459816e-08
[235,12]	2.350000e-01	2.328430e-01	2.328430e-01	3.435468e-08
[236,12]	2.360000e-01	2.338154e-01	2.338153e-01	3.372366e-08
[237,12]	2.370000e-01	2.347875e-01	2.347875e-01	3.266008e-08
[238,12]	2.380000e-01	2.357595e-01	2.357594e-01	3.111913e-08
[239,12]	2.390000e-01	2.367312e-01	2.367311e-01	2.905626e-08
[240,12]	2.400000e-01	2.377026e-01	2.377026e-01	2.642713e-08
[241,13]	2.410000e-01	2.386738e-01	2.386738e-01	2.320805e-08
[242,13]	2.420000e-01	2.396448e-01	2.396448e-01	1.945710e-08
[243,13]	2.430000e-01	2.406156e-01	2.406156e-01	1.525298e-08
[244,13]	2.440000e-01	2.415861e-01	2.415861e-01	1.067465e-08
[245,13]	2.450000e-01	2.425563e-01	2.425563e-01	5.801277e-09
[246,13]	2.460000e-01	2.435263e-01	2.435263e-01	7.123068e-10
[247,13]	2.470000e-01	2.444961e-01	2.444961e-01	4.512594e-09
[248,13]	2.480000e-01	2.454656e-01	2.454657e-01	9.793509e-09
[249,13]	2.490000e-01	2.464349e-01	2.464349e-01	1.505028e-08
[250,13]	2.500000e-01	2.474040e-01	2.474040e-01	2.020250e-08
[251,13]	2.510000e-01	2.483727e-01	2.483728e-01	2.516952e-08
[252,13]	2.520000e-01	2.493413e-01	2.493413e-01	2.987044e-08
[253,13]	2.530000e-01	2.503096e-01	2.503096e-01	3.422411e-08
[254,13]	2.540000e-01	2.512776e-01	2.512777e-01	3.814913e-08
[255,13]	2.550000e-01	2.522454e-01	2.522455e-01	4.156386e-08
[256,13]	2.560000e-01	2.532129e-01	2.532130e-01	4.438640e-08
[257,13]	2.570000e-01	2.541802e-01	2.541803e-01	4.653460e-08
[258,13]	2.580000e-01	2.551473e-01	2.551473e-01	4.792606e-08
[259,13]	2.590000e-01	2.561140e-01	2.561141e-01	4.847811e-08
[260,13]	2.600000e-01	2.570806e-01	2.570806e-01	4.810784e-08
[261,14]	2.610000e-01	2.580468e-01	2.580469e-01	4.676140e-08
[262,14]	2.620000e-01	2.590128e-01	2.590129e-01	4.450184e-08
[263,14]	2.630000e-01	2.599786e-01	2.599786e-01	4.142130e-08
[264,14]	2.640000e-01	2.609440e-01	2.609441e-01	3.761163e-08
[265,14]	2.650000e-01	2.619093e-01	2.619093e-01	3.316444e-08
[266,14]	2.660000e-01	2.628742e-01	2.628743e-01	2.817106e-08
[267,14]	2.670000e-01	2.638389e-01	2.638390e-01	2.272258e-08
[268,14]	2.680000e-01	2.648034e-01	2.648034e-01	1.690981e-08
[269,14]	2.690000e-01	2.657675e-01	2.657675e-01	1.082330e-08
[270,14]	2.700000e-01	2.667314e-01	2.667314e-01	4.553345e-09
[271,14]	2.710000e-01	2.676951e-01	2.676951e-01	1.810041e-09
[272,14]	2.720000e-01	2.686584e-01	2.686584e-01	8.177102e-09
[273,14]	2.730000e-01	2.696215e-01	2.696215e-01	1.445835e-08
[274,14]	2.740000e-01	2.705844e-01	2.705844e-01	2.056457e-08
[275,14]	2.750000e-01	2.715469e-01	2.715469e-01	2.640681e-08
[276,14]	2.760000e-01	2.725092e-01	2.725092e-01	3.189639e-08
[277,14]	2.770000e-01	2.734712e-01	2.734712e-01	3.694491e-08
[278,14]	2.780000e-01	2.744330e-01	2.744329e-01	4.146423e-08
[279,14]	2.790000e-01	2.753945e-01	2.753944e-01	4.536649e-08
[280,14]	2.800000e-01	2.763556e-01	2.763556e-01	4.856411e-08
[281,15]	2.810000e-01	2.773166e-01	2.773165e-01	5.099160e-08
[282,15]	2.820000e-01	2.782772e-01	2.782772e-01	5.267099e-08
[283,15]	2.830000e-01	2.792376e-01	2.792375e-01	5.364643e-08
[284,15]	2.840000e-01	2.801976e-01	2.801976e-01	5.396234e-08
[285,15]	2.850000e-01	2.811575e-01	2.811574e-01	5.366343e-08
[286,15]	2.860000e-01	2.821170e-01	2.821169e-01	5.279467e-08
[287,15]	2.870000e-01	2.830762e-01	2.830762e-01	5.140131e-08
[288,15]	2.880000e-01	2.840352e-01	2.840351e-01	4.952891e-08
[289,15]	2.890000e-01	2.849938e-01	2.849938e-01	4.722329e-08
[290,15]	2.900000e-01	2.859522e-01	2.859522e-01	4.453056e-08
[291,15]	2.910000e-01	2.869103e-01	2.869103e-01	4.149712e-08
[292,15]	2.920000e-01	2.878681e-01	2.878681e-01	3.816964e-08
[293,15]	2.930000e-01	2.888257e-01	2.888256e-01	3.459509e-08
[294,15]	2.940000e-01	2.897829e-01	2.897829e-01	3.082073e-08
[295,15]	2.950000e-01	2.907399e-01	2.907398e-01	2.689410e-08
[296,15]	2.960000e-01	2.916965e-01	2.916965e-01	2.286304e-08
[297,15]	2.970000e-01	2.926529e-01	2.926529e-01	1.877567e-08
[298,15]	2.980000e-01	2.936089e-01	2.936089e-01	1.468041e-08
[299,15]	2.990000e-01	2.945647e-01	2.945647e-01	1.062596e-08
[300,15]	3.000000e-01	2.955202e-01	2.955202e-01	6.661340e-09
[301,16]	3.010000e-01	2.964754e-01	2.964754e-01	2.827869e-09
[302,16]	3.020000e-01	2.974303e-01	2.974303e-01	8.646807e-10
[303,16]	3.030000e-01	2.983849e-01	2.983849e-01	4.414210e-09
[304,16]	3.040000e-01	2.993392e-01	2.993392e-01	7.818322e-09
[305,16]	3.050000e-01	3.002932e-01	3.002932e-01	1.107432e-08
[306,16]	3.060000e-01	3.012469e-01	3.012469e-01	1.417921e-08
[307,16]	3.070000e-01	3.022003e-01	3.022003e-01	1.712971e-08
[308,16]	3.080000e-01	3.031534e-01	3.031534e-01	1.992220e-08
[309,16]	3.090000e-01	3.041062e-01	3.041062e-01	2.255279e-08
[310,16]	3.100000e-01	3.050586e-01	3.050587e-01	2.501729e-08
[311,16]	3.110000e-01	3.060108e-01	3.060108e-01	2.731119e-08
[312,16]	3.120000e-01	3.069627e-01	3.069627e-01	2.942967e-08
[313,16]	3.130000e-01	3.079143e-01	3.079143e-01	3.136761e-08
[314,16]	3.140000e-01	3.088655e-01	3.088656e-01	3.311961e-08
[315,16]	3.150000e-01	3.098165e-01	3.098165e-01	3.467992e-08
[316,16]	3.160000e-01	3.107671e-01	3.107671e-01	3.604250e-08
[317,16]	3.170000e-01	3.117174e-01	3.117175e-01	3.720100e-08
[318,16]	3.180000e-01	3.126675e-01	3.126675e-01	3.814877e-08
[319,16]	3.190000e-01	3.136172e-01	3.136172e-01	3.887882e-08
[320,16]	3.200000e-01	3.145666e-01	3.145666e-01	3.938388e-08
[321,17]	3.210000e-01	3.155156e-01	3.155157e-01	3.965880e-08
[322,17]	3.220000e-01	3.164644e-01	3.164644e-01	3.970795e-08
[323,17]	3.230000e-01	3.174128e-01	3.174129e-01	3.953784e-08
[324,17]	3.240000e-01	3.183610e-01	3.183610e-01	3.915467e-08
[325,17]	3.250000e-01	3.193088e-01	3.193088e-01	3.856430e-08
[326,17]	3.260000e-01	3.202563e-01	3.202563e-01	3.777230e-08
[327,17]	3.270000e-01	3.212034e-01	3.212035e-01	3.678390e-08
[328,17]	3.280000e-01	3.221503e-01	3.221503e-01	3.560403e-08
[329,17]	3.290000e-01	3.230968e-01	3.230969e-01	3.423728e-08
[330,17]	3.300000e-01	3.240430e-01	3.240431e-01	3.268792e-08
[331,17]	3.310000e-01	3.249889e-01	3.249889e-01	3.095990e-08
[332,17]	3.320000e-01	3.259345e-01	3.259345e-01	2.905686e-08
[333,17]	3.330000e-01	3.268797e-01	3.268797e-01	2.698210e-08
[334,17]	3.340000e-01	3.278246e-01	3.278246e-01	2.473859e-08
[335,17]	3.350000e-01	3.287692e-01	3.287692e-01	2.232897e-08
[336,17]	3.360000e-01	3.297134e-01	3.297134e-01	1.975559e-08
[337,17]	3.370000e-01	3.306573e-01	3.306573e-01	1.702042e-08
[338,17]	3.380000e-01	3.316009e-01	3.316009e-01	1.412513e-08
[339,17]	3.390000e-01	3.325442e-01	3.325442e-01	1.107105e-08
[340,17]	3.400000e-01	3.334871e-01	3.334871e-01	7.859186e-09
[341,18]	3.410000e-01	3.344297e-01	3.344297e-01	4.497413e-09
[342,18]	3.420000e-01	3.353719e-01	3.353719e-01	1.022114e-09
[343,18]	3.430000e-01	3.363139e-01	3.363138e-01	2.523459e-09
[344,18]	3.440000e-01	3.372554e-01	3.372554e-01	6.096385e-09
[345,18]	3.450000e-01	3.381967e-01	3.381967e-01	9.654079e-09
[346,18]	3.460000e-01	3.391376e-01	3.391376e-01	1.315430e-08
[347,18]	3.470000e-01	3.400782e-01	3.400781e-01	1.655513e-08
[348,18]	3.480000e-01	3.410184e-01	3.410184e-01	1.981501e-08
[349,18]	3.490000e-01	3.419583e-01	3.419582e-01	2.289271e-08
[350,18]	3.500000e-01	3.428978e-01	3.428978e-01	2.574733e-08
[351,18]	3.510000e-01	3.438370e-01	3.438370e-01	2.833834e-08
[352,18]	3.520000e-01	3.447759e-01	3.447758e-01	3.062553e-08
[353,18]	3.530000e-01	3.457144e-01	3.457143e-01	3.256904e-08
[354,18]	3.540000e-01	3.466525e-01	3.466525e-01	3.412936e-08
[355,18]	3.550000e-01	3.475904e-01	3.475903e-01	3.526732e-08
[356,18]	3.560000e-01	3.485278e-01	3.485278e-01	3.594409e-08
[357,18]	3.570000e-01	3.494650e-01	3.494649e-01	3.612120e-08
[358,18]	3.580000e-01	3.504017e-01	3.504017e-01	3.576053e-08
[359,18]	3.590000e-01	3.513382e-01	3.513381e-01	3.482431e-08
[360,18]	3.600000e-01	3.522742e-01	3.522742e-01	3.327509e-08
[361,19]	3.610000e-01	3.532100e-01	3.532099e-01	3.109461e-08
[362,19]	3.620000e-01	3.541453e-01	3.541453e-01	2.834010e-08
[363,19]	3.630000e-01	3.550803e-01	3.550803e-01	2.508795e-08
[364,19]	3.640000e-01	3.560150e-01	3.560150e-01	2.141490e-08
[365,19]	3.650000e-01	3.569493e-01	3.569493e-01	1.739806e-08
[366,19]	3.660000e-01	3.578832e-01	3.578832e-01	1.311487e-08
[367,19]	3.670000e-01	3.588168e-01	3.588168e-01	8.643145e-09
[368,19]	3.680000e-01	3.597501e-01	3.597501e-01	4.061052e-09
[369,19]	3.690000e-01	3.606829e-01	3.606829e-01	5.528823e-10
[370,19]	3.700000e-01	3.616154e-01	3.616154e-01	5.119771e-09
[371,19]	3.710000e-01	3.625476e-01	3.625476e-01	9.560367e-09
[372,19]	3.720000e-01	3.634794e-01	3.634794e-01	1.379506e-08
[373,19]	3.730000e-01	3.644108e-01	3.644108e-01	1.774388e-08
[374,19]	3.740000e-01	3.653418e-01	3.653419e-01	2.132649e-08
[375,19]	3.750000e-01	3.662725e-01	3.662726e-01	2.446220e-08
[376,19]	3.760000e-01	3.672029e-01	3.672029e-01	2.706993e-08
[377,19]	3.770000e-01	3.681328e-01	3.681328e-01	2.906826e-08
[378,19]	3.780000e-01	3.690624e-01	3.690624e-01	3.037539e-08
[379,19]	3.790000e-01	3.699916e-01	3.699917e-01	3.090916e-08
[380,19]	3.800000e-01	3.709205e-01	3.709205e-01	3.058702e-08
[381,20]	3.810000e-01	3.718489e-01	3.718490e-01	2.935653e-08
[382,20]	3.820000e-01	3.727771e-01	3.727771e-01	2.728674e-08
[383,20]	3.830000e-01	3.737048e-01	3.737048e-01	2.447676e-08
[384,20]	3.840000e-01	3.746322e-01	3.746322e-01	2.102534e-08
[385,20]	3.850000e-01	3.755591e-01	3.755592e-01	1.703088e-08
[386,20]	3.860000e-01	3.764857e-01	3.764858e-01	1.259137e-08
[387,20]	3.870000e-01	3.774120e-01	3.774120e-01	7.804442e-09
[388,20]	3.880000e-01	3.783378e-01	3.783378e-01	2.767348e-09
[389,20]	3.890000e-01	3.792633e-01	3.792633e-01	2.423036e-09
[390,20]	3.900000e-01	3.801884e-01	3.801884e-01	7.670213e-09
[391,20]	3.910000e-01	3.811131e-01	3.811131e-01	1.287807e-08
[392,20]	3.920000e-01	3.820375e-01	3.820375e-01	1.795086e-08
[393,20]	3.930000e-01	3.829614e-01	3.829614e-01	2.279323e-08
[394,20]	3.940000e-01	3.838850e-01	3.838850e-01	2.731021e-08
[395,20]	3.950000e-01	3.848082e-01	3.848082e-01	3.140721e-08
[396,20]	3.960000e-01	3.857310e-01	3.857310e-01	3.499001e-08
[397,20]	3.970000e-01	3.866534e-01	3.866534e-01	3.796480e-08
[398,20]	3.980000e-01	3.875754e-01	3.875754e-01	4.023814e-08
[399,20]	3.990000e-01	3.884971e-01	3.884970e-01	4.171698e-08
[400,20]	4.000000e-01	3.894183e-01	3.894183e-01	4.230865e-08
[401,21]	4.010000e-01	3.903392e-01	3.903392e-01	4.194894e-08
[402,21]	4.020000e-01	3.912597e-01	3.912596e-01	4.068625e-08
[403,21]	4.030000e-01	3.921798e-01	3.921797e-01	3.859742e-08
[404,21]	4.040000e-01	3.930995e-01	3.930994e-01	3.575968e-08
[405,21]	4.050000e-01	3.940188e-01	3.940187e-01	3.225066e-08
[406,21]	4.060000e-01	3.949377e-01	3.949376e-01	2.814839e-08
[407,21]	4.070000e-01	3.958562e-01	3.958562e-01	2.353127e-08
[408,21]	4.080000e-01	3.967743e-01	3.967743e-01	1.847812e-08
[409,21]	4.090000e-01	3.976920e-01	3.976920e-01	1.306815e-08
[410,21]	4.100000e-01	3.986093e-01	3.986093e-01	7.380948e-09
[411,21]	4.110000e-01	3.995262e-01	3.995262e-01	1.496522e-09
[412,21]	4.120000e-01	4.004428e-01	4.004428e-01	4.504731e-09
[413,21]	4.130000e-01	4.013589e-01	4.013589e-01	1.054201e-08
[414,21]	4.140000e-01	4.022746e-01	4.022746e-01	1.653412e-08
[415,21]	4.150000e-01	4.031899e-01	4.031900e-01	2.239947e-08
[416,21]	4.160000e-01	4.041048e-01	4.041049e-01	2.805604e-08
[417,21]	4.170000e-01	4.050194e-01	4.050194e-01	3.342143e-08
[418,21]	4.180000e-01	4.059335e-01	4.059335e-01	3.841284e-08
[419,21]	4.190000e-01	4.068472e-01	4.068472e-01	4.294704e-08
[420,21]	4.200000e-01	4.077605e-01	4.077605e-01	4.694043e-08
[421,22]	4.210000e-01	4.086733e-01	4.086734e-01	5.032823e-08
[422,22]	4.220000e-01	4.095858e-01	4.095859e-01	5.312233e-08
[423,22]	4.230000e-01	4.104979e-01	4.104979e-01	5.535346e-08
[424,22]	4.240000e-01	4.114095e-01	4.114096e-01	5.705195e-08
[425,22]	4.250000e-01	4.123208e-01	4.123208e-01	5.824772e-08
[426,22]	4.260000e-01	4.132316e-01	4.132317e-01	5.897027e-08
[427,22]	4.270000e-01	4.141420e-01	4.141421e-01	5.924869e-08
[428,22]	4.280000e-01	4.150520e-01	4.150521e-01	5.911167e-08
[429,22]	4.290000e-01	4.159616e-01	4.159617e-01	5.858747e-08
[430,22]	4.300000e-01	4.168708e-01	4.168709e-01	5.770394e-08
[431,22]	4.310000e-01	4.177796e-01	4.177796e-01	5.648852e-08
[432,22]	4.320000e-01	4.186879e-01	4.186880e-01	5.496821e-08
[433,22]	4.330000e-01	4.195958e-01	4.195959e-01	5.316963e-08
[434,22]	4.340000e-01	4.205033e-01	4.205034e-01	5.111895e-08
[435,22]	4.350000e-01	4.214104e-01	4.214105e-01	4.884194e-08
[436,22]	4.360000e-01	4.223171e-01	4.223171e-01	4.636393e-08
[437,22]	4.370000e-01	4.232233e-01	4.232233e-01	4.370985e-08
[438,22]	4.380000e-01	4.241291e-01	4.241292e-01	4.090419e-08
[439,22]	4.390000e-01	4.250345e-01	4.250345e-01	3.797102e-08
[440,22]	4.400000e-01	4.259395e-01	4.259395e-01	3.493400e-08
[441,23]	4.410000e-01	4.268440e-01	4.268440e-01	3.181735e-08
[442,23]	4.420000e-01	4.277481e-01	4.277481e-01	2.864890e-08
[443,23]	4.430000e-01	4.286518e-01	4.286518e-01	2.545701e-08
[444,23]	4.440000e-01	4.295551e-01	4.295551e-01	2.226967e-08
[445,23]	4.450000e-01	4.304579e-01	4.304579e-01	1.911440e-08
[446,23]	4.460000e-01	4.313603e-01	4.313603e-01	1.601831e-08
[447,23]	4.470000e-01	4.322622e-01	4.322623e-01	1.300806e-08
[448,23]	4.480000e-01	4.331638e-01	4.331638e-01	1.010991e-08
[449,23]	4.490000e-01	4.340649e-01	4.340649e-01	7.349655e-09
[450,23]	4.500000e-01	4.349655e-01	4.349655e-01	4.752679e-09
[451,23]	4.510000e-01	4.358658e-01	4.358658e-01	2.343923e-09
[452,23]	4.520000e-01	4.367656e-01	4.367656e-01	1.478939e-10
[453,23]	4.530000e-01	4.376649e-01	4.376649e-01	1.811336e-09
[454,23]	4.540000e-01	4.385638e-01	4.385638e-01	3.510133e-09
[455,23]	4.550000e-01	4.394623e-01	4.394623e-01	4.925300e-09
[456,23]	4.560000e-01	4.403604e-01	4.403603e-01	6.034076e-09
[457,23]	4.570000e-01	4.412580e-01	4.412579e-01	6.814145e-09
[458,23]	4.580000e-01	4.421551e-01	4.421551e-01	7.243626e-09
[459,23]	4.590000e-01	4.430518e-01	4.430518e-01	7.301083e-09
[460,23]	4.600000e-01	4.439481e-01	4.439481e-01	6.965520e-09
[461,24]	4.610000e-01	4.448439e-01	4.448439e-01	6.227159e-09
[462,24]	4.620000e-01	4.457393e-01	4.457393e-01	5.119769e-09
[463,24]	4.630000e-01	4.466343e-01	4.466343e-01	3.688336e-09
[464,24]	4.640000e-01	4.475288e-01	4.475288e-01	1.978292e-09
[465,24]	4.650000e-01	4.484228e-01	4.484228e-01	3.551914e-11
[466,24]	4.660000e-01	4.493164e-01	4.493164e-01	2.093657e-09
[467,24]	4.670000e-01	4.502095e-01	4.502096e-01	4.362462e-09
[468,24]	4.680000e-01	4.511022e-01	4.511023e-01	6.723669e-09
[469,24]	4.690000e-01	4.519945e-01	4.519945e-01	9.129603e-09
[470,24]	4.700000e-01	4.528863e-01	4.528863e-01	1.153214e-08
[471,24]	4.710000e-01	4.537776e-01	4.537776e-01	1.388270e-08
[472,24]	4.720000e-01	4.546685e-01	4.546685e-01	1.613225e-08
[473,24]	4.730000e-01	4.555589e-01	4.555590e-01	1.823131e-08
[474,24]	4.740000e-01	4.564489e-01	4.564489e-01	2.012994e-08
[475,24]	4.750000e-01	4.573384e-01	4.573385e-01	2.177774e-08
[476,24]	4.760000e-01	4.582275e-01	4.582275e-01	2.312386e-08
[477,24]	4.770000e-01	4.591161e-01	4.591161e-01	2.411700e-08
[478,24]	4.780000e-01	4.600043e-01	4.600043e-01	2.470538e-08
[479,24]	4.790000e-01	4.608919e-01	4.608920e-01	2.483678e-08
[480,24]	4.800000e-01	4.617792e-01	4.617792e-01	2.445852e-08
[481,25]	4.810000e-01	4.626659e-01	4.626660e-01	2.353454e-08
[482,25]	4.820000e-01	4.635522e-01	4.635523e-01	2.209672e-08
[483,25]	4.830000e-01	4.644381e-01	4.644381e-01	2.019357e-08
[484,25]	4.840000e-01	4.653235e-01	4.653235e-01	1.787316e-08
[485,25]	4.850000e-01	4.662084e-01	4.662084e-01	1.518306e-08
[486,25]	4.860000e-01	4.670928e-01	4.670928e-01	1.217038e-08
[487,25]	4.870000e-01	4.679768e-01	4.679768e-01	8.881801e-09
[488,25]	4.880000e-01	4.688603e-01	4.688603e-01	5.363491e-09
[489,25]	4.890000e-01	4.697433e-01	4.697433e-01	1.661174e-09
[490,25]	4.900000e-01	4.706259e-01	4.706259e-01	2.179900e-09
[491,25]	4.910000e-01	4.715080e-01	4.715080e-01	6.114949e-09
[492,25]	4.920000e-01	4.723896e-01	4.723896e-01	1.009967e-08
[493,25]	4.930000e-01	4.732708e-01	4.732708e-01	1.409021e-08
[494,25]	4.940000e-01	4.741514e-01	4.741514e-01	1.804322e-08
[495,25]	4.950000e-01	4.750317e-01	4.750316e-01	2.191579e-08
[496,25]	4.960000e-01	4.759114e-01	4.759114e-01	2.566552e-08
[497,25]	4.970000e-01	4.767906e-01	4.767906e-01	2.925045e-08
[498,25]	4.980000e-01	4.776694e-01	4.776694e-01	3.262912e-08
[499,25]	4.990000e-01	4.785477e-01	4.785477e-01	3.576055e-08
[500,25]	5.000000e-01	4.794255e-01	4.794255e-01	3.860420e-08
[501,26]	5.010000e-01	4.803029e-01	4.803028e-01	4.112768e-08
[502,26]	5.020000e-01	4.811797e-01	4.811797e-01	4.332949e-08
[503,26]	5.030000e-01	4.820561e-01	4.820561e-01	4.521625e-08
[504,26]	5.040000e-01	4.829320e-01	4.829320e-01	4.679505e-08
[505,26]	5.050000e-01	4.838074e-01	4.838074e-01	4.807349e-08
[506,26]	5.060000e-01	4.846824e-01	4.846823e-01	4.905961e-08
[507,26]	5.070000e-01	4.855568e-01	4.855568e-01	4.976196e-08
[508,26]	5.080000e-01	4.864308e-01	4.864307e-01	5.018958e-08
[509,26]	5.090000e-01	4.873043e-01	4.873042e-01	5.035197e-08
[510,26]	5.100000e-01	4.881772e-01	4.881772e-01	5.025915e-08
[511,26]	5.110000e-01	4.890497e-01	4.890497e-01	4.992159e-08
[512,26]	5.120000e-01	4.899218e-01	4.899217e-01	4.935028e-08
[513,26]	5.130000e-01	4.907933e-01	4.907932e-01	4.855668e-08
[514,26]	5.140000e-01	4.916643e-01	4.916643e-01	4.755276e-08
[515,26]	5.150000e-01	4.925348e-01	4.925348e-01	4.635094e-08
[516,26]	5.160000e-01	4.934049e-01	4.934049e-01	4.496419e-08
[517,26]	5.170000e-01	4.942744e-01	4.942744e-01	4.340591e-08
[518,26]	5.180000e-01	4.951435e-01	4.951435e-01	4.169005e-08
[519,26]	5.190000e-01	4.960121e-01	4.960120e-01	3.983102e-08
[520,26]	5.200000e-01	4.968801e-01	4.968801e-01	3.784374e-08
[521,27]	5.210000e-01	4.977477e-01	4.977477e-01	3.574274e-08
[522,27]	5.220000e-01	4.986148e-01	4.986147e-01	3.353963e-08
[523,27]	5.230000e-01	4.994814e-01	4.994813e-01	3.124564e-08
[524,27]	5.240000e-01	5.003474e-01	5.003474e-01	2.887249e-08
[525,27]	5.250000e-01	5.012130e-01	5.012130e-01	2.643241e-08
[526,27]	5.260000e-01	5.020781e-01	5.020781e-01	2.393814e-08
[527,27]	5.270000e-01	5.029426e-01	5.029426e-01	2.140289e-08
[528,27]	5.280000e-01	5.038067e-01	5.038067e-01	1.884040e-08
[529,27]	5.290000e-01	5.046703e-01	5.046703e-01	1.626490e-08
[530,27]	5.300000e-01	5.055333e-01	5.055333e-01	1.369114e-08
[531,27]	5.310000e-01	5.063959e-01	5.063959e-01	1.113435e-08
[532,27]	5.320000e-01	5.072579e-01	5.072579e-01	8.610288e-09
[533,27]	5.330000e-01	5.081195e-01	5.081195e-01	6.135201e-09
[534,27]	5.340000e-01	5.089805e-01	5.089805e-01	3.725855e-09
[535,27]	5.350000e-01	5.098410e-01	5.098410e-01	1.399519e-09
[536,27]	5.360000e-01	5.107011e-01	5.107011e-01	8.260290e-10
[537,27]	5.370000e-01	5.115606e-01	5.115606e-01	2.932499e-09
[538,27]	5.380000e-01	5.124195e-01	5.124196e-01	4.901091e-09
[539,27]	5.390000e-01	5.132780e-01	5.132780e-01	6.712495e-09
[540,27]	5.400000e-01	5.141360e-01	5.141360e-01	8.346887e-09
[541,28]	5.410000e-01	5.149934e-01	5.149935e-01	9.788095e-09
[542,28]	5.420000e-01	5.158504e-01	5.158504e-01	1.103609e-08
[543,28]	5.430000e-01	5.167068e-01	5.167068e-01	1.209450e-08
[544,28]	5.440000e-01	5.175627e-01	5.175627e-01	1.296643e-08
[545,28]	5.450000e-01	5.184181e-01	5.184181e-01	1.365448e-08
[546,28]	5.460000e-01	5.192730e-01	5.192730e-01	1.416070e-08
[547,28]	5.470000e-01	5.201273e-01	5.201273e-01	1.448667e-08
[548,28]	5.480000e-01	5.209811e-01	5.209812e-01	1.463341e-08
[549,28]	5.490000e-01	5.218344e-01	5.218345e-01	1.460144e-08
[550,28]	5.500000e-01	5.226872e-01	5.226872e-01	1.439075e-08
[551,28]	5.510000e-01	5.235395e-01	5.235395e-01	1.400082e-08
[552,28]	5.520000e-01	5.243912e-01	5.243912e-01	1.343060e-08
[553,28]	5.530000e-01	5.252424e-01	5.252425e-01	1.267852e-08
[554,28]	5.540000e-01	5.260931e-01	5.260931e-01	1.174246e-08
[555,28]	5.550000e-01	5.269433e-01	5.269433e-01	1.061982e-08
[556,28]	5.560000e-01	5.277929e-01	5.277929e-01	9.307446e-09
[557,28]	5.570000e-01	5.286420e-01	5.286421e-01	7.801655e-09
[558,28]	5.580000e-01	5.294906e-01	5.294906e-01	6.098247e-09
[559,28]	5.590000e-01	5.303387e-01	5.303387e-01	4.192488e-09
[560,28]	5.600000e-01	5.311862e-01	5.311862e-01	2.079117e-09
[561,29]	5.610000e-01	5.320332e-01	5.320332e-01	2.401821e-10
[562,29]	5.620000e-01	5.328796e-01	5.328796e-01	2.734342e-09
[563,29]	5.630000e-01	5.337256e-01	5.337256e-01	5.365352e-09
[564,29]	5.640000e-01	5.345710e-01	5.345710e-01	8.095732e-09
[565,29]	5.650000e-01	5.354158e-01	5.354158e-01	1.088854e-08
[566,29]	5.660000e-01	5.362601e-01	5.362601e-01	1.370736e-08
[567,29]	5.670000e-01	5.371039e-01	5.371039e-01	1.651631e-08
[568,29]	5.680000e-01	5.379472e-01	5.379471e-01	1.928007e-08
[569,29]	5.690000e-01	5.387899e-01	5.387899e-01	2.196383e-08
[570,29]	5.700000e-01	5.396320e-01	5.396320e-01	2.453332e-08
[571,29]	5.710000e-01	5.404737e-01	5.404737e-01	2.695482e-08
[572,29]	5.720000e-01	5.413148e-01	5.413147e-01	2.919515e-08
[573,29]	5.730000e-01	5.421553e-01	5.421553e-01	3.122165e-08
[574,29]	5.740000e-01	5.429953e-01	5.429953e-01	3.300223e-08
[575,29]	5.750000e-01	5.438348e-01	5.438348e-01	3.450532e-08
[576,29]	5.760000e-01	5.446737e-01	5.446737e-01	3.569991e-08
[577,29]	5.770000e-01	5.455121e-01	5.455120e-01	3.655551e-08
[578,29]	5.780000e-01	5.463499e-01	5.463499e-01	3.704221e-08
[579,29]	5.790000e-01	5.471872e-01	5.471872e-01	3.713061e-08
[580,29]	5.800000e-01	5.480239e-01	5.480239e-01	3.679187e-08
[581,30]	5.810000e-01	5.488601e-01	5.488601e-01	3.600679e-08
[582,30]	5.820000e-01	5.496958e-01	5.496957e-01	3.479301e-08
[583,30]	5.830000e-01	5.505309e-01	5.505308e-01	3.317778e-08
[584,30]	5.840000e-01	5.513654e-01	5.513654e-01	3.118892e-08
[585,30]	5.850000e-01	5.521994e-01	5.521994e-01	2.885481e-08
[586,30]	5.860000e-01	5.530328e-01	5.530328e-01	2.620435e-08
[587,30]	5.870000e-01	5.538657e-01	5.538657e-01	2.326702e-08
[588,30]	5.880000e-01	5.546980e-01	5.546980e-01	2.007284e-08
[589,30]	5.890000e-01	5.555298e-01	5.555298e-01	1.665238e-08
[590,30]	5.900000e-01	5.563610e-01	5.563610e-01	1.303678e-08
[591,30]	5.910000e-01	5.571917e-01	5.571917e-01	9.257725e-09
[592,30]	5.920000e-01	5.580218e-01	5.580218e-01	5.347456e-09
[593,30]	5.930000e-01	5.588513e-01	5.588513e-01	1.338773e-09
[594,30]	5.940000e-01	5.596803e-01	5.596803e-01	2.734964e-09
[595,30]	5.950000e-01	5.605088e-01	5.605088e-01	6.839840e-09
[596,30]	5.960000e-01	5.613366e-01	5.613366e-01	1.094138e-08
[597,30]	5.970000e-01	5.621639e-01	5.621639e-01	1.500454e-08
[598,30]	5.980000e-01	5.629907e-01	5.629907e-01	1.899372e-08
[599,30]	5.990000e-01	5.638169e-01	5.638169e-01	2.287277e-08
[600,30]	6.000000e-01	5.646425e-01	5.646425e-01	2.660496e-08
[601,31]	6.010000e-01	5.654675e-01	5.654676e-01	3.015684e-08
[602,31]	6.020000e-01	5.662920e-01	5.662920e-01	3.350968e-08
[603,31]	6.030000e-01	5.671159e-01	5.671160e-01	3.664806e-08
[604,31]	6.040000e-01	5.679393e-01	5.679393e-01	3.955595e-08
[605,31]	6.050000e-01	5.687621e-01	5.687621e-01	4.221677e-08
[606,31]	6.060000e-01	5.695843e-01	5.695843e-01	4.461338e-08
[607,31]	6.070000e-01	5.704059e-01	5.704060e-01	4.672807e-08
[608,31]	6.080000e-01	5.712270e-01	5.712271e-01	4.854254e-08
[609,31]	6.090000e-01	5.720475e-01	5.720476e-01	5.003795e-08
[610,31]	6.100000e-01	5.728675e-01	5.728675e-01	5.119486e-08
[611,31]	6.110000e-01	5.736868e-01	5.736869e-01	5.199328e-08
[612,31]	6.120000e-01	5.745056e-01	5.745057e-01	5.241263e-08
[613,31]	6.130000e-01	5.753238e-01	5.753239e-01	5.243176e-08
[614,31]	6.140000e-01	5.761415e-01	5.761415e-01	5.202897e-08
[615,31]	6.150000e-01	5.769585e-01	5.769586e-01	5.118195e-08
[616,31]	6.160000e-01	5.777750e-01	5.777751e-01	4.986782e-08
[617,31]	6.170000e-01	5.785909e-01	5.785910e-01	4.806315e-08
[618,31]	6.180000e-01	5.794062e-01	5.794063e-01	4.574391e-08
[619,31]	6.190000e-01	5.802210e-01	5.802210e-01	4.288548e-08
[620,31]	6.200000e-01	5.810352e-01	5.810352e-01	3.946269e-08
[621,32]	6.210000e-01	5.818487e-01	5.818488e-01	3.546854e-08
[622,32]	6.220000e-01	5.826618e-01	5.826618e-01	3.097048e-08
[623,32]	6.230000e-01	5.834742e-01	5.834742e-01	2.605417e-08
[624,32]	6.240000e-01	5.842860e-01	5.842860e-01	2.080466e-08
[625,32]	6.250000e-01	5.850973e-01	5.850973e-01	1.530643e-08
[626,32]	6.260000e-01	5.859079e-01	5.859080e-01	9.643387e-09
[627,32]	6.270000e-01	5.867180e-01	5.867180e-01	3.898825e-09
[628,32]	6.280000e-01	5.875275e-01	5.875275e-01	1.844526e-09
[629,32]	6.290000e-01	5.883364e-01	5.883364e-01	7.504531e-09
[630,32]	6.300000e-01	5.891448e-01	5.891447e-01	1.299964e-08
[631,32]	6.310000e-01	5.899525e-01	5.899525e-01	1.824889e-08
[632,32]	6.320000e-01	5.907596e-01	5.907596e-01	2.317192e-08
[633,32]	6.330000e-01	5.915662e-01	5.915662e-01	2.768893e-08
[634,32]	6.340000e-01	5.923721e-01	5.923721e-01	3.172075e-08
[635,32]	6.350000e-01	5.931775e-01	5.931775e-01	3.518877e-08
[636,32]	6.360000e-01	5.939823e-01	5.939823e-01	3.801498e-08
[637,32]	6.370000e-01	5.947865e-01	5.947864e-01	4.012197e-08
[638,32]	6.380000e-01	5.955901e-01	5.955900e-01	4.143292e-08
[639,32]	6.390000e-01	5.963930e-01	5.963930e-01	4.187160e-08
[640,32]	6.400000e-01	5.971954e-01	5.971954e-01	4.136239e-08
[641,33]	6.410000e-01	5.979972e-01	5.979972e-01	3.985913e-08
[642,33]	6.420000e-01	5.987984e-01	5.987984e-01	3.743177e-08
[643,33]	6.430000e-01	5.995990e-01	5.995990e-01	3.417973e-08
[644,33]	6.440000e-01	6.003990e-01	6.003990e-01	3.020303e-08
[645,33]	6.450000e-01	6.011984e-01	6.011984e-01	2.560230e-08
[646,33]	6.460000e-01	6.019972e-01	6.019972e-01	2.047875e-08
[647,33]	6.470000e-01	6.027954e-01	6.027954e-01	1.493421e-08
[648,33]	6.480000e-01	6.035930e-01	6.035930e-01	9.071101e-09
[649,33]	6.490000e-01	6.043900e-01	6.043900e-01	2.992454e-09
[650,33]	6.500000e-01	6.051864e-01	6.051864e-01	3.198101e-09
[651,33]	6.510000e-01	6.059822e-01	6.059822e-01	9.396329e-09
[652,33]	6.520000e-01	6.067774e-01	6.067774e-01	1.549739e-08
[653,33]	6.530000e-01	6.075719e-01	6.075720e-01	2.139583e-08
[654,33]	6.540000e-01	6.083659e-01	6.083659e-01	2.698561e-08
[655,33]	6.550000e-01	6.091592e-01	6.091593e-01	3.216005e-08
[656,33]	6.560000e-01	6.099520e-01	6.099520e-01	3.681190e-08
[657,33]	6.570000e-01	6.107441e-01	6.107442e-01	4.083327e-08
[658,33]	6.580000e-01	6.115356e-01	6.115357e-01	4.411567e-08
[659,33]	6.590000e-01	6.123266e-01	6.123266e-01	4.655001e-08
[660,33]	6.600000e-01	6.131169e-01	6.131169e-01	4.802657e-08
[661,34]	6.610000e-01	6.139065e-01	6.139066e-01	4.846927e-08
[662,34]	6.620000e-01	6.146956e-01	6.146957e-01	4.793841e-08
[663,34]	6.630000e-01	6.154841e-01	6.154841e-01	4.652790e-08
[664,34]	6.640000e-01	6.162719e-01	6.162720e-01	4.433105e-08
[665,34]	6.650000e-01	6.170591e-01	6.170592e-01	4.144055e-08
[666,34]	6.660000e-01	6.178457e-01	6.178458e-01	3.794847e-08
[667,34]	6.670000e-01	6.186317e-01	6.186318e-01	3.394627e-08
[668,34]	6.680000e-01	6.194171e-01	6.194171e-01	2.952479e-08
[669,34]	6.690000e-01	6.202019e-01	6.202019e-01	2.477425e-08
[670,34]	6.700000e-01	6.209860e-01	6.209860e-01	1.978425e-08
[671,34]	6.710000e-01	6.217695e-01	6.217695e-01	1.464376e-08
[672,34]	6.720000e-01	6.225524e-01	6.225524e-01	9.441158e-09
[673,34]	6.730000e-01	6.233347e-01	6.233347e-01	4.264168e-09
[674,34]	6.740000e-01	6.241163e-01	6.241163e-01	8.000901e-10
[675,34]	6.750000e-01	6.248973e-01	6.248973e-01	5.665125e-09
[676,34]	6.760000e-01	6.256777e-01	6.256777e-01	1.024507e-08
[677,34]	6.770000e-01	6.264575e-01	6.264575e-01	1.445468e-08
[678,34]	6.780000e-01	6.272366e-01	6.272366e-01	1.820934e-08
[679,34]	6.790000e-01	6.280151e-01	6.280151e-01	2.142506e-08
[680,34]	6.800000e-01	6.287930e-01	6.287930e-01	2.401847e-08
[681,35]	6.810000e-01	6.295703e-01	6.295703e-01	2.592744e-08
[682,35]	6.820000e-01	6.303469e-01	6.303469e-01	2.717289e-08
[683,35]	6.830000e-01	6.311229e-01	6.311229e-01	2.779696e-08
[684,35]	6.840000e-01	6.318983e-01	6.318982e-01	2.784242e-08
[685,35]	6.850000e-01	6.326730e-01	6.326730e-01	2.735267e-08
[686,35]	6.860000e-01	6.334471e-01	6.334471e-01	2.637176e-08
[687,35]	6.870000e-01	6.342206e-01	6.342206e-01	2.494435e-08
[688,35]	6.880000e-01	6.349934e-01	6.349934e-01	2.311575e-08
[689,35]	6.890000e-01	6.357656e-01	6.357656e-01	2.093188e-08
[690,35]	6.900000e-01	6.365372e-01	6.365372e-01	1.843934e-08
[691,35]	6.910000e-01	6.373081e-01	6.373081e-01	1.568532e-08
[692,35]	6.920000e-01	6.380784e-01	6.380784e-01	1.271766e-08
[693,35]	6.930000e-01	6.388481e-01	6.388480e-01	9.584857e-09
[694,35]	6.940000e-01	6.396171e-01	6.396171e-01	6.336023e-09
[695,35]	6.950000e-01	6.403854e-01	6.403854e-01	3.020917e-09
[696,35]	6.960000e-01	6.411532e-01	6.411532e-01	3.100623e-10
[697,35]	6.970000e-01	6.419203e-01	6.419203e-01	3.605875e-09
[698,35]	6.980000e-01	6.426867e-01	6.426867e-01	6.814842e-09
[699,35]	6.990000e-01	6.434525e-01	6.434525e-01	9.884642e-09
[700,35]	7.000000e-01	6.442177e-01	6.442177e-01	1.276231e-08
[701,36]	7.010000e-01	6.449822e-01	6.449822e-01	1.540490e-08
[702,36]	7.020000e-01	6.457461e-01	6.457461e-01	1.781152e-08
[703,36]	7.030000e-01	6.465093e-01	6.465093e-01	1.999127e-08
[704,36]	7.040000e-01	6.472719e-01	6.472719e-01	2.195262e-08
[705,36]	7.050000e-01	6.480338e-01	6.480339e-01	2.370340e-08
[706,36]	7.060000e-01	6.487951e-01	6.487951e-01	2.525078e-08
[707,36]	7.070000e-01	6.495558e-01	6.495558e-01	2.660129e-08
[708,36]	7.080000e-01	6.503157e-01	6.503158e-01	2.776081e-08
[709,36]	7.090000e-01	6.510751e-01	6.510751e-01	2.873457e-08
[710,36]	7.100000e-01	6.518338e-01	6.518338e-01	2.952714e-08
[711,36]	7.110000e-01	6.525918e-01	6.525918e-01	3.014245e-08
[712,36]	7.120000e-01	6.533492e-01	6.533492e-01	3.058378e-08
[713,36]	7.130000e-01	6.541059e-01	6.541060e-01	3.085376e-08
[714,36]	7.140000e-01	6.548620e-01	6.548620e-01	3.095435e-08
[715,36]	7.150000e-01	6.556174e-01	6.556174e-01	3.088686e-08
[716,36]	7.160000e-01	6.563722e-01	6.563722e-01	3.065197e-08
[717,36]	7.170000e-01	6.571263e-01	6.571263e-01	3.024967e-08
[718,36]	7.180000e-01	6.578797e-01	6.578798e-01	2.967931e-08
[719,36]	7.190000e-01	6.586325e-01	6.586326e-01	2.893958e-08
[720,36]	7.200000e-01	6.593847e-01	6.593847e-01	2.802853e-08
[721,37]	7.210000e-01	6.601361e-01	6.601362e-01	2.694644e-08
[722,37]	7.220000e-01	6.608870e-01	6.608870e-01	2.570469e-08
[723,37]	7.230000e-01	6.616371e-01	6.616371e-01	2.431690e-08
[724,37]	7.240000e-01	6.623866e-01	6.623866e-01	2.279604e-08
[725,37]	7.250000e-01	6.631354e-01	6.631355e-01	2.115440e-08
[726,37]	7.260000e-01	6.638836e-01	6.638836e-01	1.940364e-08
[727,37]	7.270000e-01	6.646311e-01	6.646311e-01	1.755474e-08
[728,37]	7.280000e-01	6.653780e-01	6.653780e-01	1.561800e-08
[729,37]	7.290000e-01	6.661241e-01	6.661241e-01	1.360308e-08
[730,37]	7.300000e-01	6.668696e-01	6.668696e-01	1.151897e-08
[731,37]	7.310000e-01	6.676145e-01	6.676145e-01	9.373991e-09
[732,37]	7.320000e-01	6.683586e-01	6.683587e-01	7.175787e-09
[733,37]	7.330000e-01	6.691022e-01	6.691022e-01	4.931346e-09
[734,37]	7.340000e-01	6.698450e-01	6.698450e-01	2.646985e-09
[735,37]	7.350000e-01	6.705872e-01	6.705872e-01	3.283535e-10
[736,37]	7.360000e-01	6.713287e-01	6.713286e-01	2.019573e-09
[737,37]	7.370000e-01	6.720695e-01	6.720695e-01	4.392485e-09
[738,37]	7.380000e-01	6.728096e-01	6.728096e-01	6.786748e-09
[739,37]	7.390000e-01	6.735491e-01	6.735491e-01	9.199399e-09
[740,37]	7.400000e-01	6.742879e-01	6.742879e-01	1.162815e-08
[741,38]	7.410000e-01	6.750260e-01	6.750260e-01	1.406875e-08
[742,38]	7.420000e-01	6.757635e-01	6.757635e-01	1.650720e-08
[743,38]	7.430000e-01	6.765003e-01	6.765003e-01	1.892751e-08
[744,38]	7.440000e-01	6.772364e-01	6.772364e-01	2.131439e-08
[745,38]	7.450000e-01	6.779718e-01	6.779718e-01	2.365323e-08
[746,38]	7.460000e-01	6.787066e-01	6.787065e-01	2.593009e-08
[747,38]	7.470000e-01	6.794406e-01	6.794406e-01	2.813171e-08
[748,38]	7.480000e-01	6.801740e-01	6.801740e-01	3.024551e-08
[749,38]	7.490000e-01	6.809067e-01	6.809067e-01	3.225958e-08
[750,38]	7.500000e-01	6.816388e-01	6.816387e-01	3.416270e-08
[751,38]	7.510000e-01	6.823701e-01	6.823701e-01	3.594433e-08
[752,38]	7.520000e-01	6.831008e-01	6.831007e-01	3.759461e-08
[753,38]	7.530000e-01	6.838308e-01	6.838307e-01	3.910436e-08
[754,38]	7.540000e-01	6.845601e-01	6.845600e-01	4.046509e-08
[755,38]	7.550000e-01	6.852887e-01	6.852886e-01	4.166899e-08
[756,38]	7.560000e-01	6.860166e-01	6.860166e-01	4.270892e-08
[757,38]	7.570000e-01	6.867438e-01	6.867438e-01	4.357846e-08
[758,38]	7.580000e-01	6.874704e-01	6.874704e-01	4.427184e-08
[759,38]	7.590000e-01	6.881963e-01	6.881962e-01	4.478400e-08
[760,38]	7.600000e-01	6.889214e-01	6.889214e-01	4.511055e-08
[761,39]	7.610000e-01	6.896459e-01	6.896459e-01	4.524870e-08
[762,39]	7.620000e-01	6.903697e-01	6.903697e-01	4.519993e-08
[763,39]	7.630000e-01	6.910928e-01	6.910928e-01	4.496729e-08
[764,39]	7.640000e-01	6.918153e-01	6.918152e-01	4.455453e-08
[765,39]	7.650000e-01	6.925370e-01	6.925370e-01	4.396609e-08
[766,39]	7.660000e-01	6.932580e-01	6.932580e-01	4.320710e-08
[767,39]	7.670000e-01	6.939784e-01	6.939783e-01	4.228339e-08
[768,39]	7.680000e-01	6.946980e-01	6.946980e-01	4.120147e-08
[769,39]	7.690000e-01	6.954170e-01	6.954169e-01	3.996856e-08
[770,39]	7.700000e-01	6.961352e-01	6.961352e-01	3.859257e-08
[771,39]	7.710000e-01	6.968528e-01	6.968528e-01	3.708209e-08
[772,39]	7.720000e-01	6.975697e-01	6.975696e-01	3.544642e-08
[773,39]	7.730000e-01	6.982858e-01	6.982858e-01	3.369556e-08
[774,39]	7.740000e-01	6.990013e-01	6.990013e-01	3.184020e-08
[775,39]	7.750000e-01	6.997161e-01	6.997160e-01	2.989173e-08
[776,39]	7.760000e-01	7.004301e-01	7.004301e-01	2.786225e-08
[777,39]	7.770000e-01	7.011435e-01	7.011435e-01	2.576453e-08
[778,39]	7.780000e-01	7.018562e-01	7.018562e-01	2.361208e-08
[779,39]	7.790000e-01	7.025682e-01	7.025681e-01	2.141907e-08
[780,39]	7.800000e-01	7.032794e-01	7.032794e-01	1.920041e-08
[781,40]	7.810000e-01	7.039900e-01	7.039900e-01	1.697072e-08
[782,40]	7.820000e-01	7.046998e-01	7.046998e-01	1.474149e-08
[783,40]	7.830000e-01	7.054090e-01	7.054090e-01	1.252391e-08
[784,40]	7.840000e-01	7.061174e-01	7.061174e-01	1.032991e-08
[785,40]	7.850000e-01	7.068252e-01	7.068252e-01	8.172110e-09
[786,40]	7.860000e-01	7.075322e-01	7.075322e-01	6.063842e-09
[787,40]	7.870000e-01	7.082385e-01	7.082385e-01	4.019139e-09
[788,40]	7.880000e-01	7.089442e-01	7.089442e-01	2.052745e-09
[789,40]	7.890000e-01	7.096491e-01	7.096491e-01	1.801119e-10
[790,40]	7.900000e-01	7.103533e-01	7.103533e-01	1.582601e-09
[791,40]	7.910000e-01	7.110568e-01	7.110568e-01	3.218522e-09
[792,40]	7.920000e-01	7.117595e-01	7.117595e-01	4.710072e-09
[793,40]	7.930000e-01	7.124616e-01	7.124616e-01	6.038960e-09
[794,40]	7.940000e-01	7.131630e-01	7.131630e-01	7.186181e-09
[795,40]	7.950000e-01	7.138636e-01	7.138636e-01	8.132020e-09
[796,40]	7.960000e-01	7.145635e-01	7.145635e-01	8.856049e-09
[797,40]	7.970000e-01	7.152627e-01	7.152628e-01	9.337124e-09
[798,40]	7.980000e-01	7.159612e-01	7.159613e-01	9.553388e-09
[799,40]	7.990000e-01	7.166590e-01	7.166590e-01	9.482269e-09
[800,40]	8.000000e-01	7.173561e-01	7.173561e-01	9.100477e-09
[801,41]	8.010000e-01	7.180524e-01	7.180524e-01	8.393544e-09
[802,41]	8.020000e-01	7.187481e-01	7.187481e-01	7.384424e-09
[803,41]	8.030000e-01	7.194430e-01	7.194430e-01	6.104888e-09
[804,41]	8.040000e-01	7.201372e-01	7.201372e-01	4.585990e-09
[805,41]	8.050000e-01	7.208306e-01	7.208306e-01	2.858064e-09
[806,41]	8.060000e-01	7.215234e-01	7.215234e-01	9.507226e-10
[807,41]	8.070000e-01	7.222154e-01	7.222154e-01	1.107141e-09
[808,41]	8.080000e-01	7.229067e-01	7.229067e-01	3.287356e-09
[809,41]	8.090000e-01	7.235973e-01	7.235973e-01	5.562472e-09
[810,41]	8.100000e-01	7.242872e-01	7.242872e-01	7.905765e-09
[811,41]	8.110000e-01	7.249763e-01	7.249763e-01	1.029123e-08
[812,41]	8.120000e-01	7.256647e-01	7.256647e-01	1.269359e-08
[813,41]	8.130000e-01	7.263524e-01	7.263524e-01	1.508830e-08
[814,41]	8.140000e-01	7.270394e-01	7.270393e-01	1.745152e-08
[815,41]	8.150000e-01	7.277256e-01	7.277256e-01	1.976015e-08
[816,41]	8.160000e-01	7.284111e-01	7.284111e-01	2.199182e-08
[817,41]	8.170000e-01	7.290959e-01	7.290959e-01	2.412488e-08
[818,41]	8.180000e-01	7.297799e-01	7.297799e-01	2.613842e-08
[819,41]	8.190000e-01	7.304632e-01	7.304632e-01	2.801224e-08
[820,41]	8.200000e-01	7.311458e-01	7.311458e-01	2.972690e-08
[821,42]	8.210000e-01	7.318277e-01	7.318277e-01	3.126525e-08
[822,42]	8.220000e-01	7.325088e-01	7.325088e-01	3.261735e-08
[823,42]	8.230000e-01	7.331892e-01	7.331892e-01	3.377556e-08
[824,42]	8.240000e-01	7.338689e-01	7.338688e-01	3.473299e-08
[825,42]	8.250000e-01	7.345478e-01	7.345477e-01	3.548348e-08
[826,42]	8.260000e-01	7.352260e-01	7.352259e-01	3.602161e-08
[827,42]	8.270000e-01	7.359034e-01	7.359034e-01	3.634269e-08
[828,42]	8.280000e-01	7.365801e-01	7.365801e-01	3.644274e-08
[829,42]	8.290000e-01	7.372561e-01	7.372561e-01	3.631857e-08
[830,42]	8.300000e-01	7.379314e-01	7.379313e-01	3.596768e-08
[831,42]	8.310000e-01	7.386059e-01	7.386058e-01	3.538832e-08
[832,42]	8.320000e-01	7.392796e-01	7.392796e-01	3.457950e-08
[833,42]	8.330000e-01	7.399527e-01	7.399526e-01	3.354093e-08
[834,42]	8.340000e-01	7.406250e-01	7.406249e-01	3.227308e-08
[835,42]	8.350000e-01	7.412965e-01	7.412965e-01	3.077717e-08
[836,42]	8.360000e-01	7.419673e-01	7.419673e-01	2.905515e-08
[837,42]	8.370000e-01	7.426374e-01	7.426374e-01	2.710970e-08
[838,42]	8.380000e-01	7.433067e-01	7.433067e-01	2.494426e-08
[839,42]	8.390000e-01	7.439753e-01	7.439753e-01	2.256301e-08
[840,42]	8.400000e-01	7.446431e-01	7.446431e-01	1.997086e-08
[841,43]	8.410000e-01	7.453102e-01	7.453102e-01	1.717658e-08
[842,43]	8.420000e-01	7.459766e-01	7.459765e-01	1.420214e-08
[843,43]	8.430000e-01	7.466422e-01	7.466421e-01	1.107332e-08
[844,43]	8.440000e-01	7.473070e-01	7.473070e-01	7.816690e-09
[845,43]	8.450000e-01	7.479711e-01	7.479711e-01	4.459540e-09
[846,43]	8.460000e-01	7.486345e-01	7.486345e-01	1.029917e-09
[847,43]	8.470000e-01	7.492971e-01	7.492971e-01	2.443385e-09
[848,43]	8.480000e-01	7.499589e-01	7.499589e-01	5.930824e-09
[849,43]	8.490000e-01	7.506200e-01	7.506201e-01	9.402109e-09
[850,43]	8.500000e-01	7.512804e-01	7.512804e-01	1.282620e-08
[851,43]	8.510000e-01	7.519400e-01	7.519400e-01	1.617130e-08
[852,43]	8.520000e-01	7.525989e-01	7.525989e-01	1.940487e-08
[853,43]	8.530000e-01	7.532570e-01	7.532570e-01	2.249362e-08
[854,43]	8.540000e-01	7.539143e-01	7.539143e-01	2.540349e-08
[855,43]	8.550000e-01	7.545709e-01	7.545709e-01	2.809969e-08
[856,43]	8.560000e-01	7.552268e-01	7.552268e-01	3.054666e-08
[857,43]	8.570000e-01	7.558818e-01	7.558819e-01	3.270809e-08
[858,43]	8.580000e-01	7.565362e-01	7.565362e-01	3.454692e-08
[859,43]	8.590000e-01	7.571897e-01	7.571898e-01	3.602532e-08
[860,43]	8.600000e-01	7.578426e-01	7.578426e-01	3.710472e-08
[861,44]	8.610000e-01	7.584946e-01	7.584947e-01	3.775983e-08
[862,44]	8.620000e-01	7.591459e-01	7.591460e-01	3.802076e-08
[863,44]	8.630000e-01	7.597965e-01	7.597965e-01	3.793092e-08
[864,44]	8.640000e-01	7.604462e-01	7.604463e-01	3.753294e-08
[865,44]	8.650000e-01	7.610953e-01	7.610953e-01	3.686870e-08
[866,44]	8.660000e-01	7.617435e-01	7.617436e-01	3.597933e-08
[867,44]	8.670000e-01	7.623910e-01	7.623911e-01	3.490518e-08
[868,44]	8.680000e-01	7.630378e-01	7.630378e-01	3.368585e-08
[869,44]	8.690000e-01	7.636837e-01	7.636838e-01	3.236019e-08
[870,44]	8.700000e-01	7.643289e-01	7.643290e-01	3.096625e-08
[871,44]	8.710000e-01	7.649734e-01	7.649734e-01	2.954135e-08
[872,44]	8.720000e-01	7.656171e-01	7.656171e-01	2.812203e-08
[873,44]	8.730000e-01	7.662600e-01	7.662600e-01	2.674407e-08
[874,44]	8.740000e-01	7.669021e-01	7.669021e-01	2.544249e-08
[875,44]	8.750000e-01	7.675435e-01	7.675435e-01	2.425154e-08
[876,44]	8.760000e-01	7.681841e-01	7.681841e-01	2.320468e-08
[877,44]	8.770000e-01	7.688240e-01	7.688240e-01	2.233464e-08
[878,44]	8.780000e-01	7.694630e-01	7.694631e-01	2.167337e-08
[879,44]	8.790000e-01	7.701013e-01	7.701014e-01	2.125203e-08
[880,44]	8.800000e-01	7.707389e-01	7.707389e-01	2.110103e-08
[881,45]	8.810000e-01	7.713756e-01	7.713757e-01	2.123446e-08
[882,45]	8.820000e-01	7.720116e-01	7.720117e-01	2.160338e-08
[883,45]	8.830000e-01	7.726469e-01	7.726469e-01	2.214254e-08
[884,45]	8.840000e-01	7.732813e-01	7.732813e-01	2.278591e-08
[885,45]	8.850000e-01	7.739150e-01	7.739150e-01	2.346670e-08
[886,45]	8.860000e-01	7.745479e-01	7.745479e-01	2.411733e-08
[887,45]	8.870000e-01	7.751800e-01	7.751800e-01	2.466945e-08
[888,45]	8.880000e-01	7.758114e-01	7.758114e-01	2.505394e-08
[889,45]	8.890000e-01	7.764419e-01	7.764420e-01	2.520091e-08
[890,45]	8.900000e-01	7.770717e-01	7.770718e-01	2.503968e-08
[891,45]	8.910000e-01	7.777008e-01	7.777008e-01	2.449880e-08
[892,45]	8.920000e-01	7.783290e-01	7.783290e-01	2.350604e-08
[893,45]	8.930000e-01	7.789565e-01	7.789565e-01	2.198842e-08
[894,45]	8.940000e-01	7.795832e-01	7.795832e-01	1.987213e-08
[895,45]	8.950000e-01	7.802091e-01	7.802091e-01	1.708262e-08
[896,45]	8.960000e-01	7.808342e-01	7.808342e-01	1.354455e-08
[897,45]	8.970000e-01	7.814586e-01	7.814586e-01	9.181794e-09
[898,45]	8.980000e-01	7.820821e-01	7.820821e-01	3.917457e-09
[899,45]	8.990000e-01	7.827049e-01	7.827049e-01	2.326147e-09
[900,45]	9.000000e-01	7.833269e-01	7.833269e-01	9.627483e-09
[901,46]	9.010000e-01	7.839481e-01	7.839481e-01	1.800511e-08
[902,46]	9.020000e-01	7.845686e-01	7.845685e-01	2.723560e-08
[903,46]	9.030000e-01	7.851882e-01	7.851882e-01	3.703562e-08
[904,46]	9.040000e-01	7.858071e-01	7.858070e-01	4.712263e-08
[905,46]	9.050000e-01	7.864252e-01	7.864251e-01	5.721486e-08
[906,46]	9.060000e-01	7.870424e-01	7.870424e-01	6.703134e-08
[907,46]	9.070000e-01	7.876590e-01	7.876589e-01	7.629187e-08
[908,46]	9.080000e-01	7.882747e-01	7.882746e-01	8.471705e-08
[909,46]	9.090000e-01	7.888896e-01	7.888895e-01	9.202827e-08
[910,46]	9.100000e-01	7.895037e-01	7.895036e-01	9.794770e-08
[911,46]	9.110000e-01	7.901171e-01	7.901170e-01	1.021983e-07
[912,46]	9.120000e-01	7.907297e-01	7.907295e-01	1.045038e-07
[913,46]	9.130000e-01	7.913414e-01	7.913413e-01	1.045888e-07
[914,46]	9.140000e-01	7.919524e-01	7.919523e-01	1.021786e-07
[915,46]	9.150000e-01	7.925626e-01	7.925625e-01	9.699929e-08
[916,46]	9.160000e-01	7.931720e-01	7.931719e-01	8.877783e-08
[917,46]	9.170000e-01	7.937806e-01	7.937805e-01	7.724190e-08
[918,46]	9.180000e-01	7.943884e-01	7.943883e-01	6.212002e-08
[919,46]	9.190000e-01	7.949954e-01	7.949954e-01	4.314148e-08
[920,46]	9.200000e-01	7.956016e-01	7.956016e-01	2.003637e-08
[921,47]	9.210000e-01	7.962070e-01	7.962070e-01	7.249731e-09
[922,47]	9.220000e-01	7.968117e-01	7.968117e-01	3.791160e-08
[923,47]	9.230000e-01	7.974155e-01	7.974156e-01	7.092851e-08
[924,47]	9.240000e-01	7.980185e-01	7.980186e-01	1.052790e-07
[925,47]	9.250000e-01	7.986208e-01	7.986209e-01	1.399407e-07
[926,47]	9.260000e-01	7.992222e-01	7.992224e-01	1.738905e-07
[927,47]	9.270000e-01	7.998228e-01	7.998230e-01	2.061045e-07
[928,47]	9.280000e-01	8.004227e-01	8.004229e-01	2.355580e-07
[929,47]	9.290000e-01	8.010217e-01	8.010220e-01	2.612255e-07
[930,47]	9.300000e-01	8.016199e-01	8.016202e-01	2.820807e-07
[931,47]	9.310000e-01	8.022174e-01	8.022177e-01	2.970965e-07
[932,47]	9.320000e-01	8.028140e-01	8.028143e-01	3.052450e-07
[933,47]	9.330000e-01	8.034098e-01	8.034101e-01	3.054974e-07
[934,47]	9.340000e-01	8.040049e-01	8.040052e-01	2.968243e-07
[935,47]	9.350000e-01	8.045991e-01	8.045994e-01	2.781953e-07
[936,47]	9.360000e-01	8.051925e-01	8.051927e-01	2.485793e-07
[937,47]	9.370000e-01	8.057851e-01	8.057853e-01	2.069444e-07
[938,47]	9.380000e-01	8.063769e-01	8.063771e-01	1.522579e-07
[939,47]	9.390000e-01	8.069679e-01	8.069680e-01	8.348615e-08
[940,47]	9.400000e-01	8.075581e-01	8.075581e-01	4.051144e-10
[941,48]	9.410000e-01	8.081475e-01	8.081474e-01	9.964042e-08
[942,48]	9.420000e-01	8.087361e-01	8.087358e-01	2.112026e-07
[943,48]	9.430000e-01	8.093238e-01	8.093235e-01	3.312645e-07
[944,48]	9.440000e-01	8.099108e-01	8.099103e-01	4.559999e-07
[945,48]	9.450000e-01	8.104969e-01	8.104964e-01	5.815835e-07
[946,48]	9.460000e-01	8.110823e-01	8.110816e-01	7.041905e-07
[947,48]	9.470000e-01	8.116668e-01	8.116660e-01	8.199973e-07
[948,48]	9.480000e-01	8.122505e-01	8.122496e-01	9.251807e-07
[949,48]	9.490000e-01	8.128334e-01	8.128324e-01	1.015919e-06
[950,48]	9.500000e-01	8.134155e-01	8.134144e-01	1.088390e-06
[951,48]	9.510000e-01	8.139968e-01	8.139956e-01	1.138773e-06
[952,48]	9.520000e-01	8.145772e-01	8.145761e-01	1.163250e-06
[953,48]	9.530000e-01	8.151569e-01	8.151557e-01	1.158000e-06
[954,48]	9.540000e-01	8.157357e-01	8.157346e-01	1.119206e-06
[955,48]	9.550000e-01	8.163137e-01	8.163127e-01	1.043050e-06
[956,48]	9.560000e-01	8.168909e-01	8.168900e-01	9.257168e-07
[957,48]	9.570000e-01	8.174673e-01	8.174666e-01	7.633895e-07
[958,48]	9.580000e-01	8.180429e-01	8.180423e-01	5.522537e-07
[959,48]	9.590000e-01	8.186176e-01	8.186174e-01	2.884953e-07
[960,48]	9.600000e-01	8.191916e-01	8.191916e-01	3.169900e-08
[961,49]	9.610000e-01	8.197647e-01	8.197651e-01	4.091261e-07
[962,49]	9.620000e-01	8.203370e-01	8.203378e-01	8.325211e-07
[963,49]	9.630000e-01	8.209084e-01	8.209097e-01	1.287603e-06
[964,49]	9.640000e-01	8.214791e-01	8.214808e-01	1.760088e-06
[965,49]	9.650000e-01	8.220489e-01	8.220512e-01	2.235696e-06
[966,49]	9.660000e-01	8.226179e-01	8.226206e-01	2.700141e-06
[967,49]	9.670000e-01	8.231861e-01	8.231892e-01	3.139140e-06
[968,49]	9.680000e-01	8.237535e-01	8.237570e-01	3.538407e-06
[969,49]	9.690000e-01	8.243200e-01	8.243239e-01	3.883655e-06
[970,49]	9.700000e-01	8.248857e-01	8.248899e-01	4.160598e-06
[971,49]	9.710000e-01	8.254506e-01	8.254550e-01	4.354948e-06
[972,49]	9.720000e-01	8.260147e-01	8.260191e-01	4.452416e-06
[973,49]	9.730000e-01	8.265779e-01	8.265823e-01	4.438713e-06
[974,49]	9.740000e-01	8.271403e-01	8.271446e-01	4.299549e-06
[975,49]	9.750000e-01	8.277019e-01	8.277059e-01	4.020632e-06
[976,49]	9.760000e-01	8.282626e-01	8.282662e-01	3.587670e-06
[977,49]	9.770000e-01	8.288226e-01	8.288256e-01	2.986371e-06
[978,49]	9.780000e-01	8.293817e-01	8.293839e-01	2.202440e-06
[979,49]	9.790000e-01	8.299399e-01	8.299412e-01	1.221585e-06
[980,49]	9.800000e-01	8.304974e-01	8.304974e-01	2.950803e-08
