  2557.04051261
  2934.46797290
  2817.38249071
  2830.16585157
  2854.43791206
  2887.36290074
  2870.88097946
  2736.30102682
  2849.70691485
  2900.95291285
  3081.87057961
  2877.71014089
  2666.43536790
  2676.80975735
  2936.29932685
  2827.95315104
  2912.81328448
  3104.00126237
  2777.88706428
  2732.20951481
  2802.98663081
  2868.18472031
  2968.25226557
  3078.61855003
  2814.62034671
  2565.12600721
  2719.35207766
  3073.11319655
  3029.98506772
  2804.85276757
  2911.31406225
  2852.29314111
  2666.82389375
  3084.03150413
  2821.52069266
  2584.29095074
  2780.09027796
  2685.96949557
  3027.98623536
  2910.58217827
  2673.87790637
  2799.68150193
  2554.40790530
  2568.74797430
  2745.32120025
  2911.64332427
  2849.72126917
  2858.81449976
  2861.07714067
  2748.47187868
  2829.49182707
  2620.47509997
  3133.48663887
  2862.86572032
  2955.67527304
  2554.59009031
  2594.02713166
  2424.02189625
  2830.32293565
  3033.77643927
  2620.44318356
  2819.60288490
  2843.33531454
  2684.06032836
  2958.37084197
  2897.90755533
  2740.90047390
  2637.31849945
  2964.55120436
  2974.95656060
  2766.31512507
  2932.12516948
  2803.65357344
  2948.03052785
  2925.79652285
  3110.00256057
  2754.97567126
  2593.67020192
  2724.06250078
  2806.64383477
  2627.67028430
  3092.93429936
  3011.09820187
  2782.40583577
  2902.45696860
  2931.86485032
  2610.35007367
  3052.45471053
  2801.82505271
  2866.12514011
  2737.58642311
  2959.82390963
  2947.80768078
  2840.93058019
  2666.82288132
  2908.55256122
  2970.12956769
  3051.51373835
  2607.42376716
  2946.96094152
