-2.00 0.090703
-1.90 0.003700
-1.80 -0.073848
-1.70 -0.141665
-1.60 -0.199574
-1.50 -0.247495
-1.40 -0.285450
-1.30 -0.313558
-1.20 -0.332039
-1.10 -0.341207
-1.00 -0.341471
-0.90 -0.333327
-0.80 -0.317356
-0.70 -0.294218
-0.60 -0.264642
-0.50 -0.229426
-0.40 -0.189418
-0.30 -0.145520
-0.20 -0.098669
-0.10 -0.049833
0.00 0.000000
0.10 0.049833
0.20 0.098669
0.30 0.145520
0.40 0.189418
0.50 0.229426
0.60 0.264642
0.70 0.294218
0.80 0.317356
0.90 0.333327
1.00 0.341471
1.10 0.341207
1.20 0.332039
1.30 0.313558
1.40 0.285450
1.50 0.247495
1.60 0.199574
1.70 0.141665
1.80 0.073848
1.90 -0.003700
2.00 -0.090703
