  2786.43833900
  2928.88877006
  3018.50089801
  2857.88294835
  2925.15358887
  2828.50457330
  2544.70927129
  2878.80255410
  2848.15571853
  2784.34316686
  2966.18619677
  2823.98722349
  2847.40171272
  2661.28933447
  2475.16763405
  2798.91513895
  2600.21858658
  2914.79290493
  2706.80461971
  2880.32249598
  2875.48527241
  3087.01031398
  2966.60558491
  2942.71402104
  2560.83974111
  3029.35542642
  2935.51409351
  2954.52919647
  2818.15876902
  3252.93567321
  2743.74905421
  2654.22139089
  2770.24358378
  2980.83744064
  2821.04172746
  3109.90282467
  2891.57611072
  2681.08768836
  3045.38444483
  2791.58623373
  2923.55506244
  2768.48798352
  2933.69416319
  2988.07239174
  3059.92276832
  2864.97285088
  2747.50966585
  2827.32363123
  3011.16830128
  2848.42348471
  3041.83146764
  2858.21644053
  2928.03227373
  2798.56164636
  2902.36236005
  2760.16577107
  3163.16559142
  2676.41306289
  2707.60387045
  2782.59067912
  2923.35343677
  2794.80588657
  2754.59316583
  2903.20343142
  2734.78143562
  2815.29959306
  2906.79260703
  2717.59473745
  3006.60726779
  2850.05423069
  2827.37876912
  2910.29961269
  2726.80003913
  2756.69473625
  2646.95648334
  3014.47321711
  2895.54950023
  3157.06808404
  2694.39368027
  2802.86212658
  3230.73667409
  2724.77680881
  2663.96723040
  2676.58949669
  2996.04110276
  2735.78877681
  2980.25672269
  2847.20509766
  2580.79660560
  2809.13740119
  2876.95842476
  2760.62527873
  2742.06702750
  2638.67701759
  2910.79200501
  2908.48232664
  3122.48476648
  2705.21903719
  2910.28528713
  2789.45652445
