  1279.86968105
  1213.28207055
  1304.60036709
  1370.00160977
  1198.26266382
  1254.81299088
  1230.50390194
  1275.98762438
  1184.37483617
  1234.84327570
  1398.32302569
  1314.29804000
  1345.00672929
  1209.73173836
  1245.94705566
  1302.22533748
  1324.10405827
  1232.83644681
  1263.94148509
  1291.79195404
  1227.41338907
  1240.91968003
  1306.34030821
  1201.47190517
  1204.20474139
  1296.51000877
  1274.21776234
  1237.14579927
  1095.91860347
  1192.28158569
  1182.73736993
  1313.06448203
  1328.88833264
  1324.18867784
  1212.06308613
  1286.48297898
  1147.38565559
  1344.73191190
  1240.90480971
  1203.12049636
  1253.96491046
  1267.98982546
  1333.31111075
  1167.88616629
  1270.25124085
  1290.91833120
  1240.82431778
  1321.09691576
  1330.10469165
  1201.15946894
  1172.90911955
  1125.94304783
  1346.60928917
  1214.74120359
  1135.23537392
  1291.89527990
  1218.37030041
  1242.63410930
  1389.23975986
  1209.95969633
  1204.44141394
  1272.60277906
  1342.08501989
  1361.99519237
  1338.05054656
  1191.20538735
  1322.29287320
  1234.47058811
  1243.34379145
  1121.94680623
  1176.03485189
  1281.13483619
  1216.79507314
  1386.51979667
  1374.85721888
  1387.24367415
  1201.90487632
  1149.90737986
  1307.29229186
  1279.38972681
  1305.18258720
  1288.78799338
  1328.28536043
  1108.13017839
  1291.22860528
  1148.14392984
  1266.13781040
  1359.89614598
  1327.70596212
  1301.95186836
  1254.54482421
  1264.75365611
  1176.35550359
  1230.64812729
  1327.95979564
  1305.98536223
  1279.64183105
  1166.18987423
  1031.65744073
  1344.11912605
